#cs
28961
82,100,535,11059,3450,918,111,67,65000,339,271,56122,478,91239,123,256,833,61927,28
28,90,568,7349,2304,637,111,67,65000,1000,475,27273,317,12420,27,125,1331,71877,15
72,34,449,5920,523,579,111,67,65000,29,290,70453,187,33007,24,194,1729,60305,26
32,98,337,9078,3195,785,111,67,65000,242,309,5982,621,13771,37,194,1222,70868,4
#doc
691457
61,35,538,11046,1944,979,111,255,65000,101,80,9201,147,7263,101,125,1610,61839,22
28,98,457,9335,2819,258,111,255,65000,456,697,10557,388,13903,176,226,1830,68058,69
42,87,359,11328,110,820,111,255,65000,249,80,14509,654,25313,128,168,1921,77592,121
25,82,37,4477,3921,1000,111,255,65000,78,583,23910,534,21233,126,133,1468,69201,42
#exe
14692796
36,100,70,5731,2062,694,111,133,73198,425,259,3543,629,67097,144,215,1866,64903,-55
18,84,335,6364,318,13,111,133,73198,264,1090,30547,279,4190,181,218,1110,72550,14
65,84,35,9671,4000,938,111,133,73198,355,270,30457,186,47914,138,244,1650,63065,112
10,95,209,1545,3811,239,111,133,73198,354,118,30240,394,10,134,250,1245,76526,37
#resx
2843022
100,100,393,4191,1354,1000,111,0,65000,99,884,23071,290,36167,68,93,829,61040,61
33,100,568,10872,2161,3,111,0,65000,180,373,11925,412,34415,47,96,700,61012,-3
88,77,369,12565,730,864,111,0,65000,53,167,54469,426,1411,36,95,772,61448,5
16,97,287,7245,3118,993,111,0,65000,305,377,18755,451,10,50,102,713,61780,-8
#tis
17291498
16,89,700,1231,2606,909,111,254,65000,887,80,41515,336,74682,43,256,1068,73464,-196
68,92,279,4455,1218,3,111,254,65000,406,116,10142,65,1906,41,191,783,69522,-199
82,81,78,3,2532,431,111,254,65000,1000,643,26477,10,10,56,238,877,67955,-245
75,36,210,9509,4000,422,111,254,65000,129,978,60433,655,8047,43,199,846,71849,-189
#txt
144301
76,78,35,3818,3246,906,111,155,65000,370,436,12481,285,40233,133,173,1982,60073,-11
10,78,548,9535,1369,467,111,155,65000,117,139,22665,695,91775,133,224,1242,65807,135
83,100,492,8220,3741,958,111,155,65000,79,331,295,420,83987,87,224,1593,68577,-116
51,72,685,11970,2587,561,111,155,65000,234,988,4456,700,35015,116,122,1751,79408,-164
#mark
51837
64,82,370,11755,632,1000,88,121,65660,320,149,27988,505,100000,110,245,723,64641,65
31,61,178,4672,2671,789,57,121,63913,258,108,28519,125,20274,84,209,775,61934,-67
58,67,98,11810,2741,338,95,121,63325,0,887,6382,11,6664,90,209,1021,63791,52
97,88,337,1086,2553,425,90,121,64480,190,974,22223,319,55767,16,215,861,61175,50
#rss
23879
38,88,177,2253,3030,881,118,80,60556,26,190,10,371,72481,80,256,800,65022,0
10,73,228,3045,2627,406,111,44,62692,32,80,1143,105,8562,103,255,823,60943,14
53,94,249,13000,3179,770,111,66,65000,77,80,32177,75,34173,94,247,922,65817,-32
55,96,21,5813,3607,65,124,50,63250,25,340,10716,101,17244,48,251,827,61968,9
#icc
2181767
57,100,492,5753,4000,675,135,249,72133,45,226,53100,492,7183,23,256,866,63218,107
28,88,116,7888,1714,49,96,255,62534,173,703,27837,518,26592,137,248,700,68962,-40
44,79,275,2078,1272,585,149,255,59748,611,601,17821,126,11491,177,212,846,75310,78
60,39,388,4843,3525,3,99,255,64782,441,99,10587,490,6153,192,137,896,64930,80
#tii
206426
60,79,409,3,1602,50,123,255,44987,27,504,9426,616,75434,35,250,700,60420,146
52,45,663,2644,2059,306,189,234,52918,103,182,16531,296,10,24,206,719,66438,144
34,80,57,891,2194,443,97,252,63646,0,489,29120,215,7828,109,254,957,64043,385
56,97,70,467,2517,394,126,255,68496,262,80,18611,670,45996,13,244,1116,61066,188
#csh
662043
77,92,79,8140,2229,371,155,0,57592,73,80,7290,440,53821,143,204,713,67684,278
32,78,382,4486,980,47,131,30,71768,0,594,11509,124,43503,125,172,1137,67837,3
68,44,11,11799,2018,416,246,52,71548,219,979,19016,700,44392,19,105,995,60000,21
21,20,77,5735,2677,420,171,7,86977,397,1176,33765,533,12128,37,198,926,67995,-150
#fdt
1637748
76,73,93,4453,655,1000,85,134,59212,137,501,25623,667,13428,81,204,971,70547,-143
33,98,296,3,1684,385,65,142,64172,441,161,38457,10,41095,50,139,1088,66065,156
68,61,14,11834,3942,334,113,140,54220,119,659,5646,255,34040,1,147,793,64299,106
86,86,35,1319,3463,28,21,141,53054,160,550,21341,233,23626,39,139,1272,67684,86
#xmi
78742
34,74,203,8462,2528,1000,204,191,52896,437,80,4412,349,46734,82,127,2000,60152,37
19,63,700,10615,1011,582,165,111,60137,362,597,22927,10,9425,141,256,980,79519,138
83,81,52,12814,2416,920,51,91,31304,478,427,36719,466,17294,55,184,700,67091,-323
91,92,48,6585,3292,778,50,190,34677,0,578,16127,498,46591,159,219,804,71324,-102
#wav
26099427
77,100,298,1120,2105,731,109,81,66725,0,403,17132,612,78433,107,256,842,61419,-12
61,98,389,7152,435,81,86,83,66772,0,648,38503,285,10,53,256,887,61324,-111
77,96,187,4301,3423,582,105,79,64769,311,476,11251,406,789,54,244,802,64815,69
99,60,113,2042,4000,3,128,80,68527,0,260,8388,62,27776,62,251,861,64983,43
#cdg
180832
84,100,33,4827,377,691,40,45,73504,573,794,37390,698,93062,149,246,954,64234,-56
40,95,10,5448,2284,344,171,172,78763,198,163,18494,47,68764,122,232,1378,63388,241
82,88,87,4258,886,3,134,255,62642,16,928,39713,222,60234,55,250,820,60000,-125
66,93,157,3752,3722,767,65,106,57223,21,242,1254,202,36014,73,228,913,73263,74
#mp3
2135495
46,78,576,10396,3189,535,103,2,68484,7,149,28250,623,80258,61,131,975,62890,134
18,69,437,8910,1939,33,68,24,65273,126,898,10,196,45414,18,141,795,66720,5
23,47,525,11066,919,840,121,67,63963,357,143,11965,345,12582,13,116,1093,61990,94
31,83,10,12766,1350,763,137,14,66088,312,912,10,689,23592,55,154,842,60768,-120
#pdf
1350398
45,33,591,3175,3644,560,88,239,56812,138,80,34797,500,28255,140,209,1121,73136,-372
53,99,38,3811,2104,186,119,255,54187,229,272,10,20,40921,62,206,1168,77230,52
96,41,10,9166,1850,773,111,255,58349,451,877,47240,322,13519,200,195,1763,71182,-195
95,75,27,3,2507,395,83,255,53684,91,375,2294,228,10,90,205,1432,63859,-283
#pack
365242
100,48,110,906,3346,991,48,133,64373,166,205,10,576,69682,1,117,1349,69272,79
100,90,74,6869,2304,3,122,199,74251,110,118,6379,318,28562,68,235,1886,60957,-6
87,81,62,2089,2393,388,129,148,67504,281,197,4738,231,2673,61,183,1025,76310,-202
50,100,10,6368,3214,62,88,87,71306,217,135,10,260,51937,59,244,1484,68095,54
#pdb
40103
81,10,700,1642,1952,1000,230,170,33767,17,237,23332,603,14193,200,162,893,62790,81
44,100,212,886,2329,129,187,138,53361,38,637,8044,301,24012,121,221,1571,75867,169
32,24,184,13000,2021,26,100,206,51245,337,349,10,571,84968,58,216,1689,63514,202
10,88,200,3239,2035,862,231,127,79100,423,356,18501,10,32302,116,249,1066,64602,-178
#fdx
166078
100,96,317,5114,2579,692,156,232,56820,10,97,10,565,81464,115,224,700,67883,179
40,98,30,3838,2962,110,177,246,53526,152,315,2065,208,43229,100,245,700,65806,27
98,97,78,7620,3351,441,182,189,48681,103,604,2882,267,26538,43,226,1241,67396,263
51,95,10,471,3581,79,160,228,50912,0,661,8262,391,7210,11,256,899,72233,-38
#prx
5750829
55,56,286,9927,2186,722,116,191,66577,90,855,3010,613,100000,200,236,2000,60486,-39
31,63,395,12986,198,174,126,112,61784,0,501,9033,390,50312,70,204,1438,61145,79
46,68,205,12623,1140,885,74,181,60612,100,653,17100,82,10102,38,195,729,62965,400
65,49,207,874,2734,830,107,182,63611,459,400,12065,591,46946,144,217,926,65388,400
#xml
475871
97,86,159,13000,584,715,90,255,64610,85,309,15942,350,100000,106,234,1017,64750,-33
15,74,330,6272,3411,247,99,223,53171,288,231,5099,68,33484,30,138,1676,70464,294
77,87,231,9345,3282,528,91,216,49282,6,537,13306,479,20290,71,226,991,69145,-101
62,100,10,772,3696,6,66,251,59128,0,402,40657,153,35928,85,191,1079,68266,123
#dll
3498607
90,71,665,4851,3192,647,134,109,69124,139,1048,27541,33,23895,191,175,1867,69156,6
51,79,666,4860,903,145,137,76,65332,136,482,5222,200,89799,61,247,1299,62205,-169
97,97,259,10944,1660,876,160,85,72725,293,209,58212,483,35870,112,239,992,66655,-54
28,72,434,11560,2202,157,110,61,74846,151,454,10,617,2171,88,256,995,71931,76
#__headersizes__
2619
73,67,10,2730,3206,864,2,182,69411,110,296,3899,538,58780,93,256,1075,67573,-115
37,100,58,6554,1665,213,121,135,64263,48,250,9638,29,12788,33,249,1301,64663,247
81,51,31,6949,2497,241,131,136,85781,251,642,4384,183,10,91,244,769,68516,24
91,65,29,2233,4000,186,50,228,71091,69,699,6421,492,10900,21,240,1202,69563,-187
#__headernames__
19275
72,36,474,8577,3194,693,221,89,39639,246,142,40608,343,27088,139,154,1951,72174,202
43,100,403,6817,3519,368,255,33,56003,67,958,29591,386,41675,120,237,700,64492,346
46,82,75,8550,1098,616,153,115,73645,637,1062,23918,236,10,53,256,1291,68461,389
100,81,271,5835,3924,3,52,199,43620,440,283,65376,700,612,83,189,1330,70512,-62
#__default__
95735837
97,87,234,5292,2642,739,111,213,65360,0,83,3744,594,70177,75,253,1101,65340,-11
39,96,48,3860,2041,44,111,213,65360,53,174,10,137,27490,56,247,1119,64743,75
83,83,20,9024,2657,337,111,213,65360,38,534,10,158,14120,52,256,929,64876,0
70,86,20,4946,3766,69,111,213,65360,0,588,10,384,321,59,256,1101,68153,-20
#nrm
21247
10,67,79,938,3223,192,90,116,38158,60,563,69758,334,73472,184,231,1983,70024,-16
36,78,309,3569,3338,491,70,139,64813,561,1090,30512,133,39156,7,254,1833,70760,-382
100,95,190,11439,4000,322,174,82,73955,365,773,38841,233,50793,72,256,1362,68729,133
82,21,99,4490,3691,202,63,137,54913,423,809,27254,29,68654,69,220,1691,77712,11